[Financial Planning.jpg]
moddate=80318cce0834ce01
width=450
height=453
text=1;146;25;Products&#010;      &&#010;Services;Arial;0.406666,0.441502,0.044444,0.000000;v1,4278190080,4278190080,128.000000,1.000000,0.000000,1.000000,700,0,49152;;
textactive=1
